{
  "metadata": {
    "instance_name": "manzanillo_N50_K12",
    "version": "2.0",
    "created_date": "2026-03-20",
    "data_source": "SYNTHETIC",
    "risk_source": "synthetic",
    "N": 50,
    "K": 12,
    "close_pairs": 39
  },
  "problem": {
    "N": 50,
    "K_budget": 12,
    "min_separation_m": 2000.0,
    "lambda_budget": 5.0,
    "lambda_spatial": 12.0
  },
  "candidates": [
    {
      "id": 0,
      "latitude": 19.162882074915643,
      "longitude": -104.32302274770758,
      "risk_score_norm": 0.9537294814309302
    },
    {
      "id": 1,
      "latitude": 19.148287235020558,
      "longitude": -104.33269063570181,
      "risk_score_norm": 0.5022028057881595
    },
    {
      "id": 2,
      "latitude": 19.093709219721266,
      "longitude": -104.19155926359663,
      "risk_score_norm": 0.7453497215223589
    },
    {
      "id": 3,
      "latitude": 19.10183044702708,
      "longitude": -104.20190321114202,
      "risk_score_norm": 0.6040879908432178
    },
    {
      "id": 4,
      "latitude": 19.030053108959734,
      "longitude": -104.24109310660549,
      "risk_score_norm": 0.48403438684329
    },
    {
      "id": 5,
      "latitude": 19.158455056911077,
      "longitude": -104.31005981358044,
      "risk_score_norm": 0.7250281097637276
    },
    {
      "id": 6,
      "latitude": 19.082998254000497,
      "longitude": -104.20648398896009,
      "risk_score_norm": 0.9811277469231964
    },
    {
      "id": 7,
      "latitude": 19.103012356855864,
      "longitude": -104.34410628925521,
      "risk_score_norm": 0.7774832660192582
    },
    {
      "id": 8,
      "latitude": 19.096190965942302,
      "longitude": -104.296809942477,
      "risk_score_norm": 0.44533838023574307
    },
    {
      "id": 9,
      "latitude": 19.17078708173988,
      "longitude": -104.17715843145513,
      "risk_score_norm": 0.9711397441973868
    },
    {
      "id": 10,
      "latitude": 19.137651832825888,
      "longitude": -104.1868736353043,
      "risk_score_norm": 0.5792493804117139
    },
    {
      "id": 11,
      "latitude": 19.156052374659424,
      "longitude": -104.27939189896858,
      "risk_score_norm": 0.5383392846930538
    },
    {
      "id": 12,
      "latitude": 19.07372775822017,
      "longitude": -104.19449450527938,
      "risk_score_norm": 0.9640550803856427
    },
    {
      "id": 13,
      "latitude": 19.155285313359276,
      "longitude": -104.18479377570722,
      "risk_score_norm": 0.6415802890060811
    },
    {
      "id": 14,
      "latitude": 19.097115560824893,
      "longitude": -104.23134370991555,
      "risk_score_norm": 0.8648106973203141
    },
    {
      "id": 15,
      "latitude": 19.07339203822149,
      "longitude": -104.19536884960952,
      "risk_score_norm": 0.6559511015023921
    },
    {
      "id": 16,
      "latitude": 19.09050715780832,
      "longitude": -104.26082317240798,
      "risk_score_norm": 1.0
    },
    {
      "id": 17,
      "latitude": 19.149893323017096,
      "longitude": -104.25977920298587,
      "risk_score_norm": 0.5487081548240229
    },
    {
      "id": 18,
      "latitude": 19.158375470493905,
      "longitude": -104.25613378478003,
      "risk_score_norm": 0.5098361283585002
    },
    {
      "id": 19,
      "latitude": 19.13740860123016,
      "longitude": -104.31307845974399,
      "risk_score_norm": 0.8176761063411192
    },
    {
      "id": 20,
      "latitude": 19.147517459893074,
      "longitude": -104.34766355980554,
      "risk_score_norm": 0.8478693705004898
    },
    {
      "id": 21,
      "latitude": 19.160519843693326,
      "longitude": -104.1586109325258,
      "risk_score_norm": 0.9909942168121586
    },
    {
      "id": 22,
      "latitude": 19.055644248318686,
      "longitude": -104.1614154145493,
      "risk_score_norm": 0.5765267866302679
    },
    {
      "id": 23,
      "latitude": 19.096058307312777,
      "longitude": -104.34045129804079,
      "risk_score_norm": 0.4482249965558382
    },
    {
      "id": 24,
      "latitude": 19.146010032031896,
      "longitude": -104.16133024824526,
      "risk_score_norm": 0.8892592517186175
    },
    {
      "id": 25,
      "latitude": 19.16801756985444,
      "longitude": -104.24272965882257,
      "risk_score_norm": 0.8066897505694278
    },
    {
      "id": 26,
      "latitude": 19.082881849676987,
      "longitude": -104.31249567437435,
      "risk_score_norm": 0.6252206967161639
    },
    {
      "id": 27,
      "latitude": 19.04785756740313,
      "longitude": -104.2940782187429,
      "risk_score_norm": 0.65354136353277
    },
    {
      "id": 28,
      "latitude": 19.086021273168303,
      "longitude": -104.23498289623414,
      "risk_score_norm": 0.6841884233932956
    },
    {
      "id": 29,
      "latitude": 19.05736999789624,
      "longitude": -104.25439229242869,
      "risk_score_norm": 0.7206366871479503
    },
    {
      "id": 30,
      "latitude": 19.03116853133257,
      "longitude": -104.172813794001,
      "risk_score_norm": 0.9229333862299725
    },
    {
      "id": 31,
      "latitude": 19.16751466643361,
      "longitude": -104.30365613023497,
      "risk_score_norm": 0.5503175892480697
    },
    {
      "id": 32,
      "latitude": 19.142873412047987,
      "longitude": -104.15218853077538,
      "risk_score_norm": 0.4709400788252933
    },
    {
      "id": 33,
      "latitude": 19.046149904381974,
      "longitude": -104.22931506275144,
      "risk_score_norm": 0.8971539244890173
    },
    {
      "id": 34,
      "latitude": 19.13146922142296,
      "longitude": -104.17271261738091,
      "risk_score_norm": 0.444774850249701
    },
    {
      "id": 35,
      "latitude": 19.110839774187,
      "longitude": -104.25951262170975,
      "risk_score_norm": 0.7734313990783337
    },
    {
      "id": 36,
      "latitude": 19.10873716771379,
      "longitude": -104.21140614419296,
      "risk_score_norm": 0.8572990797574281
    },
    {
      "id": 37,
      "latitude": 19.122174640358566,
      "longitude": -104.16082129602187,
      "risk_score_norm": 0.4603721664959314
    },
    {
      "id": 38,
      "latitude": 19.13862863045216,
      "longitude": -104.29142925276895,
      "risk_score_norm": 0.5622394277171856
    },
    {
      "id": 39,
      "latitude": 19.04021620808,
      "longitude": -104.22053762438864,
      "risk_score_norm": 0.641834252235234
    },
    {
      "id": 40,
      "latitude": 19.100069010363967,
      "longitude": -104.3129064807044,
      "risk_score_norm": 0.8517843724162592
    },
    {
      "id": 41,
      "latitude": 19.099225192045168,
      "longitude": -104.27303321860293,
      "risk_score_norm": 0.4688054859498757
    },
    {
      "id": 42,
      "latitude": 19.153533319118957,
      "longitude": -104.34518163878305,
      "risk_score_norm": 0.49397213213202046
    },
    {
      "id": 43,
      "latitude": 19.085316697349203,
      "longitude": -104.23890436395087,
      "risk_score_norm": 0.704057778573818
    },
    {
      "id": 44,
      "latitude": 19.086715436727964,
      "longitude": -104.19094571028629,
      "risk_score_norm": 0.9215774785268412
    },
    {
      "id": 45,
      "latitude": 19.040040700457592,
      "longitude": -104.25431118893404,
      "risk_score_norm": 0.9790169977574045
    },
    {
      "id": 46,
      "latitude": 19.07518960382173,
      "longitude": -104.34361369370038,
      "risk_score_norm": 0.98132301183583
    },
    {
      "id": 47,
      "latitude": 19.160735399753133,
      "longitude": -104.34288474468676,
      "risk_score_norm": 0.6954369002589254
    },
    {
      "id": 48,
      "latitude": 19.10288552444011,
      "longitude": -104.15299548822092,
      "risk_score_norm": 0.7534763340086814
    },
    {
      "id": 49,
      "latitude": 19.061505649809323,
      "longitude": -104.20917887702039,
      "risk_score_norm": 0.44338215157957855
    }
  ],
  "distance_matrix": [
    [
      0.0,
      1914.405611144802,
      15808.37075134192,
      14421.677996356833,
      17095.66878230674,
      1447.8156549491075,
      15126.25854342671,
      7015.990708906129,
      7910.505731091693,
      15345.471524880815,
      14573.891112453339,
      4645.294232625462,
      16751.714798333,
      14543.563162950819,
      12092.98607884286,
      16699.983240331356,
      10366.54189947902,
      6798.1464801591665,
      7043.528203202968,
      3018.988245692015,
      3101.2586589148314,
      17270.87379900894,
      20748.472359279884,
      7652.723827191587,
      17087.30579906345,
      8452.646223927082,
      8964.105970950663,
      13146.735241309883,
      12593.352816827752,
      13771.166998944223,
      21531.677144731573,
      2098.326854621263,
      18081.808590175653,
      16291.817057532346,
      16170.85558243219,
      8831.743245594866,
      13180.792939440362,
      17629.68699502885,
      4276.247651884924,
      17378.21985270872,
      7064.8845837445415,
      8813.729976053506,
      2549.0886110686142,
      12348.555553431266,
      16256.238895534483,
      15449.969974806569,
      9988.04821073035,
      2099.800670732201,
      19067.002771452175,
      16435.875046693563
    ],
    [
      1914.405611144802,
      0.0,
      16021.196695106044,
      14679.186007449358,
      16293.77576822127,
      2632.306388955036,
      15117.042306284902,
      5175.215890504462,
      6911.3614386071595,
      16526.893101182322,
      15363.106616455807,
      5664.710036385592,
      16720.01310081812,
      15554.650244295868,
      12072.44466205784,
      16658.942866235757,
      9914.05503687007,
      7660.867324322938,
      8119.365660133083,
      2389.062103301405,
      1575.1292989018445,
      18335.666788144703,
      20736.087894069777,
      5864.544877035535,
      18002.08331462576,
      9700.53821996435,
      7575.928750185439,
      11881.44324903237,
      12382.08896093222,
      13034.00425737335,
      21256.387733051866,
      3724.4616184755755,
      18970.314851154406,
      15715.364050221542,
      16909.127752100983,
      8742.95764526989,
      13479.187312549548,
      18287.05268370932,
      4465.416467639653,
      16831.122574168494,
      5750.399780459095,
      8309.252245294427,
      1435.9001304804005,
      12087.952098681315,
      16390.47497436336,
      14584.458925260298,
      8208.7064413587,
      1749.9996827793623,
      19541.65243098114,
      16171.884680100175
    ],
    [
      15808.37075134192,
      16021.196695106044,
      0.0,
      1413.0849597496606,
      8786.509830692177,
      14381.122611417693,
      1969.2815903411167,
      16062.158136700966,
      11062.839506238302,
      8703.163464443072,
      4910.932303614497,
      11541.345462711462,
      2243.1450156082847,
      6883.742087829727,
      4197.532042706393,
      2294.362450472238,
      7286.854055054083,
      9507.790920860078,
      9885.68870417779,
      13660.672298250376,
      17457.699671685477,
      8195.826372068135,
      5286.79095413798,
      15647.274483267374,
      6626.257685851432,
      9857.484994799364,
      12765.01612305773,
      11919.393251236492,
      4642.3411850641605,
      7741.317578194245,
      7227.88276112125,
      14353.781174583677,
      6855.326753025863,
      6611.39689204873,
      4642.217215379548,
      7389.721862848206,
      2672.283487108286,
      4522.036915874503,
      11620.850244920775,
      6682.467238392135,
      12770.214986033585,
      8582.881861435078,
      17456.492285332133,
      5061.799532203071,
      780.3410967075948,
      8894.130226258905,
      16110.548781853917,
      17557.991872913517,
      4178.568073191073,
      4031.2650331953705
    ],
    [
      14421.677996356833,
      14679.186007449358,
      1413.0849597496606,
      0.0,
      8981.324046748006,
      12990.251949822175,
      2148.6531433765376,
      14942.137560248371,
      9991.941143517059,
      8096.274339595658,
      4284.722279066249,
      10130.172667291297,
      3220.3944302216164,
      6209.73824584177,
      3137.5388578063894,
      3235.8964625115536,
      6317.806381354972,
      8095.177419557672,
      8484.723519366065,
      12331.975624339639,
      16133.946282475434,
      7954.4094122560555,
      6669.178632896571,
      14571.970201843498,
      6504.017616555073,
      8518.16884817986,
      11810.341506180443,
      11395.122204982512,
      3895.1608971296946,
      7407.158144602175,
      8431.041611401715,
      12946.26627890063,
      6935.965788811734,
      6828.752490659403,
      4501.897710335781,
      6135.331966275123,
      1259.6682352086807,
      4873.185401829129,
      10257.150719588119,
      7125.577579235963,
      11665.082106461725,
      7479.468914109789,
      16112.798738979707,
      4299.8002400002415,
      2037.2720427902696,
      8805.730692350504,
      15182.846885624025,
      16194.324496626345,
      5140.1726107904,
      4548.629847165281
    ],
    [
      17095.66878230674,
      16293.77576822127,
      8786.509830692177,
      8981.324046748006,
      0.0,
      16011.483925969034,
      6920.302223403777,
      13528.535707996545,
      9400.692180042737,
      17029.895064386823,
      13251.79683421211,
      14577.001529474035,
      6897.252417372141,
      15129.70054340687,
      7527.069730156856,
      6805.822860288234,
      7034.741458593403,
      13469.510375351396,
      14356.05419873155,
      14132.33159378605,
      17204.864714034757,
      16898.987559933903,
      8845.1384341802,
      12763.536840411327,
      15378.599692313768,
      15341.91183852156,
      9530.196290510488,
      5910.7953367309665,
      6256.421341323482,
      3343.715776672066,
      7178.423033920159,
      16638.703140587888,
      15641.494152654157,
      2176.322136999547,
      13371.823668085794,
      9189.266618470761,
      9288.88618081629,
      13269.835158274413,
      13180.94195438979,
      2438.368361536346,
      10843.155687353676,
      8392.164411066478,
      17554.25278004055,
      6149.334849819475,
      8214.324986926895,
      1778.7181266422112,
      11886.820704504862,
      18043.233862554294,
      12300.769435971368,
      4846.00881735572
    ],
    [
      1447.8156549491075,
      2632.306388955036,
      14381.122611417693,
      12990.251949822175,
      16011.483925969034,
      0.0,
      13740.840310932568,
      7127.375593152264,
      7061.995743103688,
      14026.144712233108,
      13144.978654588323,
      3232.3293879509088,
      15368.150533048287,
      13162.333349668059,
      10719.478805403094,
      15318.7098205906,
      9156.518847838357,
      5366.5477805250475,
      5664.201446098287,
      2361.6429249786047,
      4132.891907498524,
      15909.194240527306,
      19354.871121984666,
      7637.585136342053,
      15683.768023309669,
      7151.398697860138,
      8407.253059379726,
      12411.993898248931,
      11273.174252394183,
      12670.853509464776,
      20206.453865163912,
      1211.2852251173708,
      16673.271489171148,
      15097.110664002746,
      14736.368672113957,
      7498.618115724788,
      11746.102475039115,
      16187.930506888642,
      2947.90025069268,
      16166.00103447362,
      6499.116338674336,
      7648.987950266967,
      3729.495662127527,
      11046.423466561508,
      14840.307631863734,
      14411.276107548778,
      9907.115979204396,
      3457.098454732104,
      17619.266738397113,
      15118.17112756682
    ],
    [
      15126.25854342671,
      15117.042306284902,
      1969.2815903411167,
      2148.6531433765376,
      6920.302223403777,
      13740.840310932568,
      0.0,
      14631.311441005455,
      9604.157815451,
      10236.298593564894,
      6416.978841272699,
      11165.100592380712,
      1627.9031167751873,
      8354.73833294048,
      3047.632750209148,
      1582.8255833746425,
      5770.78887716542,
      9310.343599686243,
      9872.16436163556,
      12729.282403682168,
      16476.745939928456,
      9980.014266604428,
      5628.933723684224,
      14152.014323549753,
      8461.576648411214,
      10191.793213710582,
      11140.17682989226,
      10000.71135257044,
      3013.5669456573846,
      5785.342738752367,
      6762.9387150235425,
      13875.708393255602,
      8767.473297426444,
      4748.226526488377,
      6452.885397120052,
      6374.282998516005,
      2908.393132875452,
      6480.441408878756,
      10859.024336815,
      4981.163810714336,
      11342.71454712592,
      7221.971122730629,
      16548.51598986799,
      3416.5891297770427,
      1684.3144725686016,
      6934.162063360511,
      14436.655429939034,
      16735.38999666125,
      6039.8472856254775,
      2406.590724624947
    ],
    [
      7015.990708906129,
      5175.215890504462,
      16062.158136700966,
      14942.137560248371,
      13528.535707996545,
      7127.375593152264,
      14631.311441005455,
      0.0,
      5027.157289097162,
      19088.52286693864,
      16962.069421955992,
      9000.231006949985,
      16055.03218283419,
      17717.165401737955,
      11866.486240204464,
      15972.747110901153,
      8860.807837092836,
      10279.042340452395,
      11104.485308971,
      5025.392067088697,
      4962.83277080546,
      20509.25597867971,
      19907.779038810517,
      863.3730642895002,
      19788.350400538668,
      12871.0501278403,
      4005.4183234680604,
      8077.943765735899,
      11620.969534565704,
      10706.962487790612,
      19694.835445680463,
      8336.61500707283,
      20644.10826589049,
      13619.944683490763,
      18282.9622132391,
      8930.696078940338,
      13957.300546640454,
      19374.456396125835,
      6805.32525361713,
      14744.273439083236,
      3294.540171062303,
      7479.711431000471,
      5618.810505874124,
      11228.083286040768,
      16195.322279400094,
      11750.799624499385,
      3094.1819741167565,
      6419.792235550118,
      20080.3315626247,
      14911.075908241251
    ],
    [
      7910.505731091693,
      6911.3614386071595,
      11062.839506238302,
      9991.941143517059,
      9400.692180042737,
      7061.995743103688,
      9604.157815451,
      5027.157289097162,
      0.0,
      15059.830863260526,
      12436.30627391721,
      6903.232003155853,
      11037.94895825167,
      13478.357504006412,
      6879.675149574011,
      10957.060661064552,
      3833.8609148492965,
      7126.938066985143,
      8128.508453192448,
      4891.530461600324,
      7817.716774170419,
      16185.017522999895,
      14925.687118482274,
      4585.682167743244,
      15273.517206471919,
      9801.297453334031,
      2215.148126844095,
      5382.090580785515,
      6594.41524571056,
      6205.16106990243,
      14902.92123384487,
      7963.378157385501,
      16056.312741436705,
      9015.235978629576,
      13615.582963433597,
      4243.916821137825,
      9081.33966025464,
      14577.211294210534,
      4752.593740725478,
      10148.47853255455,
      1745.4448555193105,
      2521.0174729402415,
      8153.560664106517,
      6203.663853445895,
      11173.888766125963,
      7676.663432011544,
      5444.5066402536295,
      8656.73579596533,
      15129.45752240854,
      9983.918965195771
    ],
    [
      15345.471524880815,
      16526.893101182322,
      8703.163464443072,
      8096.274339595658,
      17029.895064386823,
      14026.144712233108,
      10236.298593564894,
      19088.52286693864,
      15059.830863260526,
      0.0,
      3823.179499106101,
      10862.185573118666,
      10945.106013839693,
      1901.1454031789142,
      9975.426543029731,
      10997.525448033164,
      12527.507996366458,
      8983.695594597762,
      8409.001161457707,
      14751.468068915887,
      18095.108920006183,
      2257.9638158737735,
      12909.698570822757,
      19060.8673872398,
      3217.841065213959,
      6893.786827832081,
      17253.871784234077,
      18378.078050749387,
      11213.539873940734,
      14996.44294785685,
      15531.584684029816,
      13290.976167081564,
      4063.603763781119,
      14903.116278140858,
      4396.816951271089,
      10921.311360585836,
      7781.268787260657,
      5671.333461489359,
      12524.194603265616,
      15217.427832802457,
      16284.821903449534,
      12835.86498840658,
      17752.122451296837,
      11506.592688516688,
      9459.884027473006,
      16645.648230538263,
      20464.904323456347,
      17442.362366639278,
      7965.565134153853,
      12608.63183584686
    ],
    [
      14573.891112453339,
      15363.106616455807,
      4910.932303614497,
      4284.722279066249,
      13251.79683421211,
      13144.978654588323,
      6416.978841272699,
      16962.069421955992,
      12436.30627391721,
      3823.179499106101,
      0.0,
      9931.507949598688,
      7152.991621689554,
      1972.8878988790243,
      6491.976749886539,
      7200.898238372254,
      9372.616515205777,
      7778.443275132839,
      7631.512806436372,
      13257.802374982353,
      16925.997678165935,
      3908.9025674382956,
      9503.09660403468,
      16785.06648402101,
      2839.651218234548,
      6769.333034284068,
      14536.035814359677,
      15052.92416869316,
      7649.130032789832,
      11402.739700368254,
      11932.225980118877,
      12708.335709117018,
      3689.5692520513735,
      11109.01836470543,
      1638.8061991234,
      8193.015728979482,
      4120.684626297339,
      3233.032427333448,
      10984.029326919925,
      11397.21406668983,
      13885.017028510742,
      10009.865379604053,
      16722.89379565128,
      7984.355926875534,
      5680.004710835065,
      12962.371921849252,
      17873.28108249884,
      16587.552756908455,
      5254.809998417308,
      8785.452341858623
    ],
    [
      4645.294232625462,
      5664.710036385592,
      11541.345462711462,
      10130.172667291297,
      14577.001529474035,
      3232.3293879509088,
      11165.100592380712,
      9000.231006949985,
      6903.232003155853,
      10862.185573118666,
      9931.507949598688,
      0.0,
      12781.141756477578,
      9936.775308200791,
      8272.129073222637,
      12744.10710575963,
      7544.859135708904,
      2170.9671417412046,
      2456.584870326612,
      4101.116383404796,
      7233.820626523573,
      12696.126555622533,
      16682.607521683374,
      9254.798079527378,
      12451.494978660212,
      4074.148625501035,
      8848.363593664802,
      12129.274724978235,
      9077.827557686212,
      11282.986372092682,
      17839.572184374923,
      2849.510127254004,
      13441.825308672454,
      13305.21039495687,
      11534.776143852996,
      5443.907574865061,
      8870.736939346349,
      13012.861443920636,
      2313.539159882202,
      14288.022038340674,
      7151.794622556119,
      6354.106821484791,
      6916.1420069627975,
      8941.96257347085,
      12074.222811766489,
      13166.348494870297,
      11241.647628534944,
      6689.357830672658,
      14535.137393744442,
      12843.199025456157
    ],
    [
      16751.714798333,
      16720.01310081812,
      2243.1450156082847,
      3220.3944302216164,
      6897.252417372141,
      15368.150533048287,
      1627.9031167751873,
      16055.03218283419,
      11037.94895825167,
      10945.106013839693,
      7152.991621689554,
      12781.141756477578,
      0.0,
      9125.878335072739,
      4664.462376454038,
      99.1787758037575,
      7215.538614841846,
      10898.459744371567,
      11425.065722461364,
      14331.166864265131,
      18063.958468265213,
      10361.07016648334,
      4016.1166150128524,
      15537.287119077422,
      8760.236055029492,
      11645.011886122425,
      12442.129924206958,
      10854.217260150454,
      4468.974846189849,
      6552.494269946051,
      5252.418828744237,
      15501.105213942481,
      8881.07140163111,
      4774.539536478749,
      6816.270489052941,
      7981.580402772365,
      4279.295239416618,
      6445.090048740999,
      12482.47081771857,
      4623.572846040142,
      12783.038721909108,
      8726.425857907838,
      18149.30127330053,
      4841.520098050518,
      1491.537978509431,
      7318.12241565501,
      15671.738425391412,
      18348.244517638952,
      5433.969607512535,
      2056.348970127717
    ],
    [
      14543.563162950819,
      15554.650244295868,
      6883.742087829727,
      6209.73824584177,
      15129.70054340687,
      13162.333349668059,
      8354.73833294048,
      17717.165401737955,
      13478.357504006412,
      1901.1454031789142,
      1972.8878988790243,
      9936.775308200791,
      9125.878335072739,
      0.0,
      8108.840113513371,
      9173.648379737113,
      10755.673641172429,
      7899.262099990059,
      7501.241873016299,
      13621.36629606364,
      17129.768918867456,
      2811.0786258381568,
      11348.605357470142,
      17629.259073249497,
      2671.733902732141,
      6247.7771441693785,
      15646.739883969703,
      16569.476026716453,
      9333.875455366298,
      13115.52552165534,
      13858.44771918871,
      12558.483964314133,
      3692.5515326867317,
      13005.735789031127,
      2936.608661176154,
      9275.648134999878,
      5882.698298552344,
      4460.599604506039,
      11353.47385803932,
      13334.935456032656,
      14793.29136440035,
      11171.058310681954,
      16848.09456899513,
      9635.808658429505,
      7651.967106509639,
      14750.278335154026,
      18914.314190622994,
      16616.397301523382,
      6716.291276524798,
      10737.96234597897
    ],
    [
      12092.98607884286,
      12072.44466205784,
      4197.532042706393,
      3137.5388578063894,
      7527.069730156856,
      10719.478805403094,
      3047.632750209148,
      11866.486240204464,
      6879.675149574011,
      9975.426543029731,
      6491.976749886539,
      8272.129073222637,
      4664.462376454038,
      8108.840113513371,
      0.0,
      4609.738529371594,
      3183.591361745059,
      6585.226534175136,
      7292.674597677786,
      9685.80825136913,
      13444.329184273105,
      10396.635378770194,
      8675.702677152487,
      11465.157901277644,
      9146.794847071407,
      7974.163630264033,
      8673.072849269065,
      8571.20571503056,
      1291.537950102591,
      5039.715388927932,
      9571.34872491832,
      10908.107722483486,
      9749.14399284017,
      5671.131117347378,
      7248.321861722582,
      3330.0004928604985,
      2461.389743626558,
      7916.219384311344,
      7820.3740644971085,
      6428.032790190904,
      8576.450666479155,
      4386.788551588537,
      13505.008826410556,
      1533.7706913634793,
      4399.671066986266,
      6789.9438266415245,
      12046.876463065846,
      13687.764603283505,
      8257.287240233785,
      4593.915981949188
    ],
    [
      16699.983240331356,
      16658.942866235757,
      2294.362450472238,
      3235.8964625115536,
      6805.822860288234,
      15318.7098205906,
      1582.8255833746425,
      15972.747110901153,
      10957.060661064552,
      10997.525448033164,
      7200.898238372254,
      12744.10710575963,
      99.1787758037575,
      9173.648379737113,
      4609.738529371594,
      0.0,
      7136.693337269417,
      10870.07096558998,
      11404.165141549238,
      14269.964807558727,
      17999.244275110552,
      10429.516352398574,
      4077.7243307003846,
      15452.65618788512,
      8831.300968333782,
      11639.070433013618,
      12353.702808874219,
      10755.733957877002,
      4393.380857690335,
      6453.867834332041,
      5259.586106691259,
      15458.524672559523,
      8959.577754691463,
      4680.230929259444,
      6882.678712756403,
      7922.643244251538,
      4276.250311452112,
      6526.972379514298,
      12429.384786702381,
      4539.384459729082,
      12702.300831904025,
      8651.913979663299,
      18087.600118811602,
      4763.276495045473,
      1552.6991121733001,
      7220.091757107458,
      15580.30876966126,
      18290.064396059708,
      5530.033564020403,
      1962.9910697910611
    ],
    [
      10366.54189947902,
      9914.05503687007,
      7286.854055054083,
      6317.806381354972,
      7034.741458593403,
      9156.518847838357,
      5770.78887716542,
      8860.807837092836,
      3833.8609148492965,
      12527.507996366458,
      9372.616515205777,
      7544.859135708904,
      7215.538614841846,
      10755.673641172429,
      3183.591361745059,
      7136.693337269417,
      0.0,
      6604.351089928798,
      7562.675781200073,
      7572.348014648334,
      11109.716956484757,
      13263.287144908807,
      11142.887660438251,
      8389.884673625265,
      12138.887857114616,
      8825.881903533062,
      5495.651019518824,
      5891.067935143094,
      2760.7570450406633,
      3746.148884721783,
      11361.844383436512,
      9673.193856824646,
      12813.00374983848,
      5940.733485659398,
      10317.302788970585,
      2265.073461064526,
      5574.085946122586,
      11081.49021329886,
      6242.744539624589,
      7014.048709891631,
      5575.056860270402,
      1608.0448142496894,
      11298.73746875028,
      2374.465732504978,
      7354.871131010941,
      5653.192781328387,
      8865.15018675847,
      11632.080211641447,
      11413.360057786498,
      6313.029521189255
    ],
    [
      6798.1464801591665,
      7660.867324322938,
      9507.790920860078,
      8095.177419557672,
      13469.510375351396,
      5366.5477805250475,
      9310.343599686243,
      10279.042340452395,
      7126.938066985143,
      8983.695594597762,
      7778.443275132839,
      2170.9671417412046,
      10898.459744371567,
      7899.262099990059,
      6585.226534175136,
      10870.07096558998,
      6604.351089928798,
      0.0,
      1017.9362255373416,
      5768.401508249638,
      9235.376834387873,
      10692.047681652833,
      14718.97751824467,
      10376.196857293218,
      10350.38804701587,
      2696.0258725838776,
      9284.288384136486,
      11904.490843706883,
      7564.968181308779,
      10303.682303860824,
      16055.849581757146,
      5007.89970269451,
      11328.682223336878,
      11971.625579804906,
      9372.776315099958,
      4342.646801235809,
      6838.712687947754,
      10842.882081584778,
      3552.819042054699,
      12873.747439339477,
      7864.239318917081,
      5803.557847899292,
      8979.85288663585,
      7508.053387792612,
      10082.165840559872,
      12228.55968283197,
      12107.178078233914,
      8812.126118047154,
      12376.316345101068,
      11174.105567116598
    ],
    [
      7043.528203202968,
      8119.365660133083,
      9885.68870417779,
      8484.723519366065,
      14356.05419873155,
      5664.201446098287,
      9872.16436163556,
      11104.485308971,
      8128.508453192448,
      8409.001161457707,
      7631.512806436372,
      2456.584870326612,
      11425.065722461364,
      7501.241873016299,
      7292.674597677786,
      11404.165141549238,
      7562.675781200073,
      1017.9362255373416,
      0.0,
      6419.932357526483,
      9689.787369178735,
      10246.157412641318,
      15150.27989235391,
      11246.399156909885,
      10052.671624950763,
      1769.6431994661552,
      10272.817178984194,
      12919.576984027093,
      8346.646361142119,
      11232.786504963467,
      16635.03602597183,
      5093.837310330558,
      11053.777973185981,
      12793.116759073835,
      9259.632849499392,
      5297.6328846681445,
      7248.676420808027,
      10791.253739784624,
      4308.955263717745,
      13660.711088265836,
      8809.45845696994,
      6812.609965378946,
      9368.887356139827,
      8322.984968784818,
      10506.956381412641,
      13159.619618591889,
      13039.635290549199,
      9115.720999953219,
      12468.7881188982,
      11847.463735777692
    ],
    [
      3018.988245692015,
      2389.062103301405,
      13660.672298250376,
      12331.975624339639,
      14132.33159378605,
      2361.6429249786047,
      12729.282403682168,
      5025.392067088697,
      4891.530461600324,
      14751.468068915887,
      13257.802374982353,
      4101.116383404796,
      14331.166864265131,
      13621.36629606364,
      9685.80825136913,
      14269.964807558727,
      7572.348014648334,
      5768.401508249638,
      6419.932357526483,
      0.0,
      3802.9608384999183,
      16427.886979293125,
      18347.203137042816,
      5423.255887329742,
      15969.362491693983,
      8135.602776994328,
      6063.407321618663,
      10155.799549915539,
      9998.756410507824,
      10827.428093504082,
      18889.367769537952,
      3490.881940680286,
      16912.086229472934,
      13432.894856969144,
      14760.443212810069,
      6355.870966024219,
      11147.205848135703,
      16084.759504506332,
      2278.277890598194,
      14538.18221229241,
      4152.01238179165,
      5977.256991188293,
      3819.2905604744114,
      9710.062570273914,
      14015.474623823111,
      12464.121948352691,
      7626.145839243314,
      4065.7815470392097,
      17250.970161199803,
      13799.192622202281
    ],
    [
      3101.2586589148314,
      1575.1292989018445,
      17457.699671685477,
      16133.946282475434,
      17204.864714034757,
      4132.891907498524,
      16476.745939928456,
      4962.83277080546,
      7817.716774170419,
      18095.108920006183,
      16925.997678165935,
      7233.820626523573,
      18063.958468265213,
      17129.768918867456,
      13444.329184273105,
      17999.244275110552,
      11109.716956484757,
      9235.376834387873,
      9689.787369178735,
      3802.9608384999183,
      0.0,
      19910.493543531393,
      22075.5724861007,
      5771.9479025706105,
      19573.87462706884,
      11255.170750094154,
      8081.289847393729,
      12430.036000397467,
      13671.519952919398,
      14018.673110876432,
      22471.164747849532,
      5129.423022446868,
      20540.124890877305,
      16783.63505375227,
      18464.750143924764,
      10118.97191491218,
      14950.01352010155,
      19829.293459520446,
      5989.315187684526,
      17910.75250075219,
      6416.391594083427,
      9503.146533835974,
      717.9402519445622,
      13356.772588619622,
      17799.21257891614,
      15461.056981304384,
      8053.738877399772,
      1553.1206838433395,
      21044.885107280363,
      17412.45825167502
    ],
    [
      17270.87379900894,
      18335.666788144703,
      8195.826372068135,
      7954.4094122560555,
      16898.987559933903,
      15909.194240527306,
      9980.014266604428,
      20509.25597867971,
      16185.017522999895,
      2257.9638158737735,
      3908.9025674382956,
      12696.126555622533,
      10361.07016648334,
      2811.0786258381568,
      10396.635378770194,
      10429.516352398574,
      13263.287144908807,
      10692.047681652833,
      10246.157412641318,
      16427.886979293125,
      19910.493543531393,
      0.0,
      11665.356256567375,
      20403.793242821812,
      1638.50656413425,
      8874.460386203671,
      18327.645400499765,
      18961.400558737245,
      11532.545393494942,
      15258.759487004327,
      14460.426145409981,
      15254.345523855498,
      2074.923389200418,
      14728.23559939561,
      3553.726815451082,
      11952.923783823831,
      7994.669987659737,
      4270.1096270798325,
      14162.263259439145,
      14875.72552744574,
      17547.870350289795,
      13818.374710587388,
      19612.266981967703,
      11877.917580424302,
      8881.972150755506,
      16750.66299320712,
      21629.06517452595,
      19355.207415281773,
      6435.738019631299,
      12224.782726075098
    ],
    [
      20748.472359279884,
      20736.087894069777,
      5286.79095413798,
      6669.178632896571,
      8845.1384341802,
      19354.871121984666,
      5628.933723684224,
      19907.779038810517,
      14925.687118482274,
      12909.698570822757,
      9503.09660403468,
      16682.607521683374,
      4016.1166150128524,
      11348.605357470142,
      8675.702677152487,
      4077.7243307003846,
      11142.887660438251,
      14718.97751824467,
      15150.27989235391,
      18347.203137042816,
      22075.5724861007,
      11665.356256567375,
      0.0,
      19343.901832429026,
      10048.220675896122,
      15136.797019133835,
      16163.766198756468,
      13970.264979322043,
      8437.013933431066,
      9773.85731344861,
      2973.6109191375917,
      19444.35156353185,
      9747.7733885293,
      7214.234655517823,
      8514.509268564996,
      11997.20124576075,
      7902.534690932132,
      7398.1054821462285,
      16485.61050814101,
      6446.583302565224,
      16668.61239382468,
      12691.287360938817,
      22165.14072108162,
      8786.501798174862,
      4644.112615084281,
      9916.917173401755,
      19271.156183674288,
      22362.722576903434,
      5326.989446797246,
      5062.063916872888
    ],
    [
      7652.723827191587,
      5864.544877035535,
      15647.274483267374,
      14571.970201843498,
      12763.536840411327,
      7637.585136342053,
      14152.014323549753,
      863.3730642895002,
      4585.682167743244,
      19060.8673872398,
      16785.06648402101,
      9254.798079527378,
      15537.287119077422,
      17629.259073249497,
      11465.157901277644,
      15452.65618788512,
      8389.884673625265,
      10376.196857293218,
      11246.399156909885,
      5423.255887329742,
      5771.9479025706105,
      20403.793242821812,
      19343.901832429026,
      0.0,
      19621.07237872992,
      13015.918882477963,
      3282.692882747108,
      7244.049292297491,
      11138.591588318055,
      10014.836017345486,
      19038.402148836787,
      8835.95222981186,
      20452.657279978892,
      12930.918651538845,
      18057.93973327741,
      8661.70928419474,
      13632.129862972066,
      19095.42628826092,
      6995.241803115185,
      14048.877695036468,
      2928.422527868321,
      7092.703194827144,
      6410.222380778351,
      10737.135316760798,
      15744.208747400418,
      10988.716325007208,
      2344.16809649052,
      7196.306876784229,
      19711.328837238398,
      14320.064486855683
    ],
    [
      17087.30579906345,
      18002.08331462576,
      6626.257685851432,
      6504.017616555073,
      15378.599692313768,
      15683.768023309669,
      8461.576648411214,
      19788.350400538668,
      15273.517206471919,
      3217.841065213959,
      2839.651218234548,
      12451.494978660212,
      8760.236055029492,
      2671.733902732141,
      9146.794847071407,
      8831.300968333782,
      12138.887857114616,
      10350.38804701587,
      10052.671624950763,
      15969.362491693983,
      19573.87462706884,
      1638.50656413425,
      10048.220675896122,
      19621.07237872992,
      0.0,
      8893.280645473547,
      17364.181649035963,
      17710.978274983117,
      10216.383041966339,
      13883.852843383052,
      12826.679921138943,
      15139.574998134487,
      1021.6700986449177,
      13203.336533698073,
      2010.9603858339653,
      11031.085692187411,
      6697.247628647481,
      2650.9138661115844,
      13691.0852886223,
      13307.559217444606,
      16723.733910177692,
      12836.795740010284,
      19330.204665575086,
      10581.689612570824,
      7290.57210844522,
      15306.949894848662,
      20707.732895204863,
      19140.572114802766,
      4874.518450708722,
      10656.88900416736
    ],
    [
      8452.646223927082,
      9700.53821996435,
      9857.484994799364,
      8518.16884817986,
      15341.91183852156,
      7151.398697860138,
      10191.793213710582,
      12871.0501278403,
      9801.297453334031,
      6893.786827832081,
      6769.333034284068,
      4074.148625501035,
      11645.011886122425,
      6247.7771441693785,
      7974.163630264033,
      11639.070433013618,
