{
  "metadata": {
    "instance_name": "pasqal_cloud_N17_K8",
    "created_date": "2026-04-09",
    "platform": "Pasqal Cloud",
    "risk_source": "REAL - from CSV"
  },
  "problem": {
    "N": 17,
    "K_budget": 8,
    "min_separation_m": 2000,
    "lambda_budget": 8.0,
    "lambda_spatial": 12.0
  },
  "candidates": [
    {
      "id": 0,
      "sensor_id": "Asset_00",
      "latitude": 19.09587968367665,
      "longitude": -104.28300105122422,
      "layer": "Asset_Defense",
      "risk_score_norm": 1.0
    },
    {
      "id": 1,
      "sensor_id": "Asset_01",
      "latitude": 19.027243330502305,
      "longitude": -104.27490727566652,
      "layer": "Asset_Defense",
      "risk_score_norm": 0.7660354359408551
    },
    {
      "id": 2,
      "sensor_id": "Asset_02",
      "latitude": 19.07379976583932,
      "longitude": -104.28290513678884,
      "layer": "Asset_Defense",
      "risk_score_norm": 0.4976351252283212
    },
    {
      "id": 3,
      "sensor_id": "Asset_03",
      "latitude": 19.02759478504695,
      "longitude": -104.31875523651586,
      "layer": "Asset_Defense",
      "risk_score_norm": 0.9479418930326641
    },
    {
      "id": 4,
      "sensor_id": "Asset_04",
      "latitude": 19.085412601079693,
      "longitude": -104.28400733336734,
      "layer": "Asset_Defense",
      "risk_score_norm": 0.893257916806701
    },
    {
      "id": 5,
      "sensor_id": "Asset_05",
      "latitude": 19.039865055895635,
      "longitude": -104.274915710521,
      "layer": "Asset_Defense",
      "risk_score_norm": 0.49631689890142444
    },
    {
      "id": 6,
      "sensor_id": "Asset_06",
      "latitude": 19.026760185666177,
      "longitude": -104.26519322243765,
      "layer": "Asset_Defense",
      "risk_score_norm": 0.4698012344178212
    },
    {
      "id": 7,
      "sensor_id": "Asset_07",
      "latitude": 19.010277832789352,
      "longitude": -104.27042965397196,
      "layer": "Asset_Defense",
      "risk_score_norm": 0.6182594324331602
    },
    {
      "id": 8,
      "sensor_id": "Asset_08",
      "latitude": 19.08478984518893,
      "longitude": -104.27332695038965,
      "layer": "Asset_Defense",
      "risk_score_norm": 0.5696345626113198
    },
    {
      "id": 9,
      "sensor_id": "Asset_09",
      "latitude": 19.039533903834247,
      "longitude": -104.28458685475805,
      "layer": "Asset_Defense",
      "risk_score_norm": 0.6961440308227964
    },
    {
      "id": 10,
      "sensor_id": "Asset_10",
      "latitude": 19.039403512160128,
      "longitude": -104.26520199658847,
      "layer": "Asset_Defense",
      "risk_score_norm": 0.9689554030487251
    },
    {
      "id": 11,
      "sensor_id": "Asset_11",
      "latitude": 19.079928852403377,
      "longitude": -104.29807210783608,
      "layer": "Asset_Defense",
      "risk_score_norm": 0.9544520206699117
    },
    {
      "id": 12,
      "sensor_id": "Asset_12",
      "latitude": 19.10175514683981,
      "longitude": -104.2709535640896,
      "layer": "Asset_Defense",
      "risk_score_norm": 0.9698842675447672
    },
    {
      "id": 13,
      "sensor_id": "Asset_13",
      "latitude": 19.026760628425706,
      "longitude": -104.28462093718184,
      "layer": "Asset_Defense",
      "risk_score_norm": 0.838211651162033
    },
    {
      "id": 14,
      "sensor_id": "Asset_14",
      "latitude": 19.060497159983232,
      "longitude": -104.29557755301656,
      "layer": "Asset_Defense",
      "risk_score_norm": 0.6205518015923395
    },
    {
      "id": 15,
      "sensor_id": "Wildland_15",
      "latitude": 19.094289221285614,
      "longitude": -104.265232987898,
      "layer": "Wildland_Perimeter",
      "risk_score_norm": 0.9281344418659557
    },
    {
      "id": 16,
      "sensor_id": "Wildland_16",
      "latitude": 19.048867065164306,
      "longitude": -104.32339292200722,
      "layer": "Wildland_Perimeter",
      "risk_score_norm": 0.7073832794627437
    }
  ],
  "distance_matrix": [
    [
      0.0,
      7679.272624300803,
      2455.195532303889,
      8471.886125270183,
      1168.6798545085974,
      6286.236146713492,
      7910.330495054715,
      9609.760740207023,
      1598.1224385558517,
      6267.581018413003,
      6552.536809071606,
      2377.7924900199164,
      1424.5293642689116,
      7687.573629376545,
      4150.406689551293,
      1875.3658697949784,
      6733.941262916533
    ],
    [
      7679.272624300803,
      0.0,
      5244.644782202254,
      4609.44279127746,
      6538.457758936044,
      1403.4721093024582,
      1022.5515395549315,
      1944.3159278909854,
      6401.035755789673,
      1703.8158700757651,
      1693.8342352675334,
      6344.142278341076,
      8295.748804529141,
      1022.5078326912679,
      4288.707189198845,
      7524.17697041678,
      5635.184384542738
    ],
    [
      2455.195532303889,
      5244.644782202254,
      0.0,
      6371.383374485868,
      1296.4726319877082,
      3865.668401076773,
      5551.97118869915,
      7184.006815553948,
      1583.1950277165465,
      3814.2874278185095,
      4253.251347617759,
      1733.4633056524194,
      3352.6112016405923,
      5233.621408358424,
      1990.3945275583847,
      2939.2868743017075,
      5078.657853910353
    ],
    [
      8471.886125270183,
      4609.44279127746,
      6371.383374485868,
      0.0,
      7393.921510839088,
      4805.9560989142865,
      5631.186793164873,
      5432.902105773792,
      7952.584673927429,
      3829.1326523265707,
      5780.398681802436,
      6212.060920474803,
      9656.02989834778,
      3589.3854239864477,
      4395.472193560279,
      9308.061214600579,
      2415.0796727197157
    ],
    [
      1168.6798545085974,
      6538.457758936044,
      1296.4726319877082,
      7393.921510839088,
      0.0,
      5154.001199895576,
      6815.028084628907,
      8475.615033948889,
      1124.460741606862,
      5101.84193867968,
      5484.464109744125,
      1598.8334038048263,
      2276.7725433850187,
      6522.120645544332,
      3025.5536196963553,
      2205.9483848232258,
      5800.559270904423
    ],
    [
      6286.236146713492,
      1403.4721093024582,
      3865.668401076773,
      4805.9560989142865,
      5154.001199895576,
      0.0,
      1779.8525837932916,
      3323.57513609443,
      4998.198485001723,
      1017.2176795766262,
      1022.3149727581057,
      5076.318914173923,
      6894.449541459615,
      1778.7710204694686,
      3159.0215367095498,
      6136.6501203534,
      5192.771095138265
    ],
    [
      7910.330495054715,
      1022.5515395549315,
      5551.97118869915,
      5631.186793164873,
      6815.028084628907,
      1779.8525837932916,
      0.0,
      1913.6395450587454,
      6508.985600718161,
      2484.6053730703234,
      1405.874064570026,
      6847.951381446592,
      8361.005051243954,
      2042.240382723927,
      4926.70412393164,
      7508.887325135572,
      6592.945996433008
    ],
    [
      9609.760740207023,
      1944.3159278909854,
      7184.006815553948,
      5432.902105773792,
      8475.615033948889,
      3323.57513609443,
      1913.6395450587454,
      0.0,
      8290.952230456705,
      3577.378138180874,
      3284.9202850507054,
      8271.892107527587,
      10171.962264198368,
      2363.221704139148,
      6178.200813115363,
      9357.59391906941,
      7029.083461104005
    ],
    [
      1598.1224385558517,
      6401.035755789673,
      1583.1950277165465,
      7952.584673927429,
      1124.460741606862,
      4998.198485001723,
      6508.985600718161,
      8290.952230456705,
      0.0,
      5169.502590788119,
      5118.461744167789,
      2655.921146097037,
      1902.868813795649,
      6560.828150339094,
      3572.7329201657662,
      1356.1372345212455,
      6606.100401319473
    ],
    [
      6267.581018413003,
      1703.8158700757651,
      3814.2874278185095,
      3829.1326523265707,
      5101.84193867968,
      1017.2176795766262,
      2484.6053730703234,
      3577.378138180874,
      5169.502590788119,
      0.0,
      2037.6309726248503,
      4710.009841105602,
      7065.479548052322,
      1420.3279404139673,
      2601.545207608408,
      6419.275089990172,
      4208.818833259626
    ],
    [
      6552.536809071606,
      1693.8342352675334,
      4253.251347617759,
      5780.398681802436,
      5484.464109744125,
      1022.3149727581057,
      1405.874064570026,
      3284.9202850507054,
      5118.461744167789,
      2037.6309726248503,
      0.0,
      5678.058119723863,
      6959.483740431173,
      2478.5085838540194,
      3961.6024392210356,
      6103.013269135528,
      6206.248831114787
    ],
    [
      2377.7924900199164,
      6344.142278341076,
      1733.4633056524194,
      6212.060920474803,
      1598.8334038048263,
      5076.318914173923,
      6847.951381446592,
      8271.892107527587,
      2655.921146097037,
      4710.009841105602,
      5678.058119723863,
      0.0,
      3743.048400417426,
      6078.724848629078,
      2176.551399057603,
      3802.3319163316164,
      4360.168687473615
    ],
    [
      1424.5293642689116,
      8295.748804529141,
      3352.6112016405923,
      9656.02989834778,
      2276.7725433850187,
      6894.449541459615,
      8361.005051243954,
      10171.962264198368,
      1902.868813795649,
      7065.479548052322,
      6959.483740431173,
      3743.048400417426,
      0.0,
      8461.814244890878,
      5267.1240853745085,
      1024.9362980657118,
      8059.39490886933
    ],
    [
      7687.573629376545,
      1022.5078326912679,
      5233.621408358424,
      3589.3854239864477,
      6522.120645544332,
      1778.7710204694686,
      2042.240382723927,
      2363.221704139148,
      6560.828150339094,
      1420.3279404139673,
      2478.5085838540194,
      6078.724848629078,
      8461.814244890878,
      0.0,
      3924.1259476219634,
      7780.400466227552,
      4759.366024044498
    ],
    [
      4150.406689551293,
      4288.707189198845,
      1990.3945275583847,
      4395.472193560279,
      3025.5536196963553,
      3159.0215367095498,
      4926.70412393164,
      6178.200813115363,
      3572.7329201657662,
      2601.545207608408,
      3961.6024392210356,
      2176.551399057603,
      5267.1240853745085,
      3924.1259476219634,
      0.0,
      4928.243785270707,
      3196.7162738919087
    ],
    [
      1875.3658697949784,
      7524.17697041678,
      2939.2868743017075,
      9308.061214600579,
      2205.9483848232258,
      6136.6501203534,
      7508.887325135572,
      9357.59391906941,
      1356.1372345212455,
      6419.275089990172,
      6103.013269135528,
      3802.3319163316164,
      1024.9362980657118,
      7780.400466227552,
      4928.243785270707,
      0.0,
      7928.914911499917
    ],
    [
      6733.941262916533,
      5635.184384542738,
      5078.657853910353,
      2415.0796727197157,
      5800.559270904423,
      5192.771095138265,
      6592.945996433008,
      7029.083461104005,
      6606.100401319473,
      4208.818833259626,
      6206.248831114787,
      4360.168687473615,
      8059.39490886933,
      4759.366024044498,
      3196.7162738919087,
      7928.914911499917,
      0.0
    ]
  ]
}