{
  "metadata": {
    "instance_name": "pasqal_cloud_N8_K4",
    "created_date": "2026-04-09",
    "platform": "Pasqal Cloud",
    "risk_source": "REAL - from CSV"
  },
  "problem": {
    "N": 8,
    "K_budget": 4,
    "min_separation_m": 2000,
    "lambda_budget": 8.0,
    "lambda_spatial": 12.0
  },
  "candidates": [
    {
      "id": 0,
      "sensor_id": "Asset_00",
      "latitude": 19.09587968367665,
      "longitude": -104.28300105122422,
      "layer": "Asset_Defense",
      "risk_score_norm": 0.8659763849350455
    },
    {
      "id": 1,
      "sensor_id": "Asset_01",
      "latitude": 19.027243330502305,
      "longitude": -104.27490727566652,
      "layer": "Asset_Defense",
      "risk_score_norm": 0.8044484652996747
    },
    {
      "id": 2,
      "sensor_id": "Asset_02",
      "latitude": 19.07379976583932,
      "longitude": -104.28290513678884,
      "layer": "Asset_Defense",
      "risk_score_norm": 0.8186897777441852
    },
    {
      "id": 3,
      "sensor_id": "Asset_03",
      "latitude": 19.02759478504695,
      "longitude": -104.31875523651586,
      "layer": "Asset_Defense",
      "risk_score_norm": 1.0
    },
    {
      "id": 4,
      "sensor_id": "Asset_04",
      "latitude": 19.085412601079693,
      "longitude": -104.28400733336734,
      "layer": "Asset_Defense",
      "risk_score_norm": 0.5764940277090936
    },
    {
      "id": 5,
      "sensor_id": "Asset_05",
      "latitude": 19.039865055895635,
      "longitude": -104.274915710521,
      "layer": "Asset_Defense",
      "risk_score_norm": 0.5398371334720459
    },
    {
      "id": 6,
      "sensor_id": "Asset_06",
      "latitude": 19.026760185666177,
      "longitude": -104.26519322243765,
      "layer": "Asset_Defense",
      "risk_score_norm": 0.562593455450395
    },
    {
      "id": 7,
      "sensor_id": "Asset_07",
      "latitude": 19.010277832789352,
      "longitude": -104.27042965397196,
      "layer": "Asset_Defense",
      "risk_score_norm": 0.7031111855729781
    }
  ],
  "distance_matrix": [
    [
      0.0,
      7679.272624300803,
      2455.195532303889,
      8471.886125270183,
      1168.6798545085974,
      6286.236146713492,
      7910.330495054715,
      9609.760740207023
    ],
    [
      7679.272624300803,
      0.0,
      5244.644782202254,
      4609.44279127746,
      6538.457758936044,
      1403.4721093024582,
      1022.5515395549315,
      1944.3159278909854
    ],
    [
      2455.195532303889,
      5244.644782202254,
      0.0,
      6371.383374485868,
      1296.4726319877082,
      3865.668401076773,
      5551.97118869915,
      7184.006815553948
    ],
    [
      8471.886125270183,
      4609.44279127746,
      6371.383374485868,
      0.0,
      7393.921510839088,
      4805.9560989142865,
      5631.186793164873,
      5432.902105773792
    ],
    [
      1168.6798545085974,
      6538.457758936044,
      1296.4726319877082,
      7393.921510839088,
      0.0,
      5154.001199895576,
      6815.028084628907,
      8475.615033948889
    ],
    [
      6286.236146713492,
      1403.4721093024582,
      3865.668401076773,
      4805.9560989142865,
      5154.001199895576,
      0.0,
      1779.8525837932916,
      3323.57513609443
    ],
    [
      7910.330495054715,
      1022.5515395549315,
      5551.97118869915,
      5631.186793164873,
      6815.028084628907,
      1779.8525837932916,
      0.0,
      1913.6395450587454
    ],
    [
      9609.760740207023,
      1944.3159278909854,
      7184.006815553948,
      5432.902105773792,
      8475.615033948889,
      3323.57513609443,
      1913.6395450587454,
      0.0
    ]
  ]
}